21.77830561861491,9.69915078103071
17.9080660722718,1.25898709458137
6.653674067729756,8.045137580004184
7.825204868141663,17.01926803848371
1.693855126617887,0.2760847556989403
0.04410380652640145,3.265416790128915
0.8075130127140466,5.011203997934875
2.471990642331853,18.61241777037986
6.28261847536047,17.51259194723286
20.57613999163032,17.1411266918161
9.793349270415094,16.20470373427201
0.5416285376676482,1.636967410669466
19.37451172081915,21.28187174621339
9.546085888816568,18.26819688353582
15.35412749446037,2.667825797683856
24.08726944910835,18.62791267990457
5.091231594623964,4.860430704645161
21.76575754636791,2.94870892581033
3.956724995316197,1.47929703255072
8.392019254667927,5.506216973880966
23.50526387069041,0.06751744909657287
22.10760020399732,5.969026610403606
16.76252832508899,9.742458436200154
18.99774145690078,9.77402757300978
17.83633828753084,19.09560196777315
1.960224068314141,17.32762207702331
15.99522823759775,5.574542113115849
18.47260552928177,8.319685144975326
2.564687447064701,24.97252691826611
20.79045143693303,8.908574463770778
15.07204504880932,6.025116845295448
16.01965268870245,15.76428330983809
9.217888354444225,0.1240456390034954
18.16737009946808,4.362334107063607
4.901364619811257,3.786035883155495
17.44634870884058,3.700295240351752
6.807174193351516,22.34022433745961
15.911127517214,23.75781208297015
4.645901968716949,19.34757447624397
22.1652811029471,22.039590341886
4.950055454763495,18.97777734009719
23.8211416450058,5.474747955613937
18.01332081065699,17.67798300335423
2.199948487270101,6.027171862511722
9.495988463543021,1.828016108105565
20.31454390088103,4.510111814286081
0.564444384509754,4.817838398599511
21.27683799681953,6.293979832406761
4.399360323884806,16.64742519222474
21.16369807407251,17.40280388847005
17.77618074536216,20.96913555143612
7.939365888615644,9.280547792591392
3.699520257855979,1.791437252050061
3.366234385612231,2.94099038799341
0.9871043594956934,6.025470443830252
18.32506930946208,18.27487063812013
15.03524404115138,5.194773217390346
20.6368372768831,2.056117042785639
1.526809426151698,4.579699643412109
3.186058598961255,20.38844637721063
17.27154306290075,23.80750936417966
18.662194713131,4.008560828482313
3.145541644989367,4.42411183454329
22.99546865249536,22.5630195080652
4.066776661886728,6.052639923777102
8.630427412578966,4.623644902783927
7.052952387350272,20.73704737427418
9.322161647542966,19.42849485183707
3.02535113909554,2.422625810208949
6.47832052897577,1.131181429932559
3.719858866280222,18.61536600513538
16.39662574000923,19.35588283873636
18.5289099367736,1.051006333825319
2.516350569852643,18.03293706147176
24.59962962153223,7.964862260664338
3.71687197975412,5.908820064064463
20.7425549131914,24.1208302138573
5.988737075446054,24.7644353723334
20.99364634372423,0.1993556546856861
16.35944537018025,19.52154144283385
3.821221401509529,7.032434809463414
8.862706299324765,16.50310478772938
2.615624652317385,19.87413210019821
7.242721963717011,15.50572055887881
0.4161228998185,3.817498831748552
21.76616574791781,9.12556196729364
4.4060286444245,7.625371210947911
1.757547513834298,24.19737010080478
19.20130062002221,9.148464828262599
15.97786124113963,17.41874466773545
8.631934830090614,2.125817908678696
4.082293792819629,15.47673398637615
15.23448176639251,18.09800312544945
0.4500720424708964,5.845847123217798
19.16248337367686,16.61343317868853
5.495943634864874,3.865288158390861
5.882880831473262,9.524637295810493
18.27739508694806,21.6951745150209
21.92657617958509,5.487100920955063
19.68051745345771,7.381460050790176
0.06473496917610944,8.161968617830578
19.02930179450748,3.164281024526585
8.988443954959939,16.90962759607243
6.945211405077681,21.29256331033571
23.89652217910906,1.692219663957235
20.31340238341567,3.743607511699878
8.710619674982905,5.209778342416574
23.43039442006385,23.259286976786
15.96488594421167,17.32984612115249
22.7696955488944,3.296789052894346
6.550472261237609,18.65337085463987
8.062483151251115,15.08772022929506
8.846256808119072,8.190398344998753
18.19830412122626,1.054653995926294
18.54512091248161,1.922114296345063
24.15571452958974,22.70817541824452
24.46258035183068,24.47948920268966
2.440691865617149,6.521618068367307
5.344327330684013,4.122219800111097
19.98761501213271,7.2505509564673
24.75181615906295,8.884972838689306
9.637124252440788,23.28917877705515
16.4847093806129,6.984223389364192
20.16337650380735,7.390989862470936
19.60769959662439,21.82203997386777
6.771677398426466,0.7106663105631299
16.35435244884627,19.95157879224645
6.416210680371534,22.56765408897097
5.748325554736558,9.221454906520311
0.05530074566704779,22.83664635211544
23.14937973873068,5.888842947496328
4.256454310408861,2.996772579859252
21.64700313320434,5.342045317177413
7.355716882907751,19.57643867679785
23.25795409658452,16.81441055032919
7.664894191183503,19.59218039687227
21.94186662155598,20.62943575616529
3.72763061028726,6.614543248516958
7.522635266070294,3.911140400443875
24.13646394918537,17.01533252659548
3.963185839502422,17.22286826251081
5.943428686873013,5.411109004998983
3.315324375946753,16.15005578910596
7.60504994555647,20.22817180658199
9.755435183730691,2.673168699039911
4.877549411763344,22.1534225665408
24.41655875587663,21.05302040324317
23.96453304540366,7.775701387842405
22.07655609506759,2.10069773639713
3.853819060975772,16.66499150570489
2.558314916535862,23.22202242970289
15.42425161260965,7.124486036526047
3.873510216456236,8.558976290479741
8.175625416508446,3.931355056225065
18.41112068413687,15.23913317829194
3.120686299092796,18.48398672473498
9.482552855153546,24.90792880399614
15.12609195672848,3.133808355384528
23.18686065530231,1.443626519184805
22.88492666717379,15.11671414315768
22.83531216005975,4.773457451044717
4.033452624475903,21.99326410307918
0.8280596765087438,15.49627922364156
24.12812234899797,9.642143244153075
17.63469320374029,8.99612325741834
24.07275023261703,18.53414876337227
23.46913702308878,1.010721956251702
4.892192309358367,22.92273295268814
0.5897033145098745,18.24708015432149
19.03275535318048,17.9327145855763
17.03601722047188,6.788907997667507
21.87399480795315,17.28440888319217
3.149458905415421,0.3973316851315127
17.60440626676363,23.16244323457026
15.42831307569627,5.305364352808381
24.42655821073751,15.31874314615002
2.367341752543664,3.041359020696444
16.48078536923202,16.29747768519701
3.534460376077107,20.48523768466454
8.249825647763757,18.57358670752235
18.95938601731455,23.25462872385738
6.745218309969916,19.29137276004311
21.58381982664437,20.5815889158562
23.81304577670036,4.851924270039242
24.71261962921303,15.29795830709914
18.12290645951304,17.4824975512457
24.75634295361706,19.10988187220422
21.70236356033559,1.036268844453444
20.6743277632168,19.42170192348924
24.47299714710768,24.09054347253587
20.13896012933143,3.587768146222316
9.525401223530297,17.43397074621329
20.68911858245538,5.103505175751499
5.29654300855042,8.599423295528233
18.58778116210446,16.3820695371387
6.968753233740084,7.160451559117032
3.363864849958924,20.78614375378123
21.5802680643905,4.69185292175816
22.1189018103019,20.32492193220208
1.355502816831749,21.673977900195
22.50741691661696,22.71045934020481
16.29508066930161,16.71583138543144
7.9657524879661,2.496532451369671
5.945987322484665,3.588418747695949
22.87329757375672,5.933509593981885
2.171870382915213,15.27387034716063
2.000737999715824,17.9534663635112
2.959518830440139,7.853765448834343
19.02795270227979,15.23465574522842
5.94778013362331,17.6173628366387
17.9607019889291,8.072130217121385
5.422738757006051,15.23366403630227
1.452854945613022,20.47956343775077
17.67619392940572,2.186575228386003
15.72456572560642,19.86460833975553
1.876968627013289,6.530164650314463
1.020551644445556,15.91045195180077
17.59693897775228,0.09915812045769679
24.34863119129023,23.19282017172343
7.896428074194556,8.897993368382199
1.270625504096295,21.59440822458554
20.08103789221165,16.15440129223423
6.602190203737102,9.874182581949666
17.75929194235787,0.002055944489605555
4.223498606128556,18.05168950481724
0.1814435444219258,2.696306207550387
21.37046143836343,22.62056149026495
6.655506660042699,0.8923100040783265
8.078235624549036,15.65230630479037
1.931792664685901,15.37491962469759
15.90851816778062,24.93252608464076
8.768115795814218,15.91951717392124
4.069549849280748,8.065563606803641
5.521719823684395,15.2313660062663
7.822903892344439,5.893413959307274
24.19226497275299,19.67722687345958
22.12601961715527,1.314944206318697
19.72609103729948,23.18175158940784
7.279973810127115,1.282763225258253
23.37177187547848,3.547032040558005
8.174160601110572,9.042991964194012
20.26303439308127,18.36151889855649
0.2875532069459701,23.16640051483737
8.204182349535134,4.306382678521218
19.40423663722839,18.19341332523976
20.64293490834832,23.0086641038355
20.68154517506858,9.273440027202129
3.974575263052708,20.87279096581612
15.28548470974689,17.69164757310377
15.80987054520972,1.265851597139193
20.86202095417978,2.321531299503951
2.276048212291609,9.76902758413223
7.016510471789531,21.45576677351952
8.823555691105792,3.264439419191382
21.16808876926742,0.6546960314539778
23.94361942800009,2.105821773202548
17.09880576866683,3.456926078907332
21.95153992772186,3.4128205393354
7.391305647656187,22.1781162961324
21.27424403114193,16.5817812766131
24.35381313660667,17.7989748207073
20.75578902916752,0.8126667775330325
18.1564194533047,4.615462480644259
18.50212904611855,19.80624712525227
20.95831518290433,21.00443386672359
1.519616483111719,24.70390386153096
6.679395046387278,1.764730427698324
17.29378886065464,18.9383556066517
3.764925582922201,2.082782410537123
23.92176067249417,2.134733708638115
23.83302597383687,4.309273146730781
24.49191081216661,23.21803100654255
8.363077257558098,15.64448676412125
7.618120676268282,17.95835531793644
7.099466650102741,22.51045657517818
0.09981426246369818,6.253168111580722
1.054597852789871,6.430833540203839
15.32859537685178,8.652220472285212
3.392096191765655,21.63740335546746
17.06981901608602,0.3510480843974622
20.09420377940987,8.726135517562646
6.038316435592774,0.3792665796731169
2.98820818006458,23.23403066396753
24.11798467366565,7.263307272949434
22.16000400091508,19.3951778204426
15.9247764335691,2.788038765917664
9.328106833061351,19.93959318105635
4.848541637551647,15.27932946188204
6.514137612604136,9.490840279096069
21.22647424345156,20.32129291367907
19.15386699566439,3.507152395795608
22.34935124122208,6.226782071154737
8.24759870253969,7.036903236227534
20.78822801551793,4.309857835276764
2.459795991481816,1.829159600562302
6.664555463144342,7.430569279250415
16.32396374278057,1.864916097097402
15.05618119093752,23.28637380373407
15.89846878915655,6.379867297400921
2.803980724458067,6.487275772290637
24.18759278216801,1.671926012205284
19.58695659907773,23.05204887739201
17.4189557736147,6.455962074332174
16.72521961344833,21.06055244244715
23.41025812646091,20.20061048364443
23.2194246425788,24.22997198489072
5.653339685514585,18.15135054301724
20.53173688579067,3.878165082607559
21.55033999336744,3.470306008630966
16.6885523311959,2.098736701937666
9.098091715738351,4.070867588846664
4.467933346910803,22.81498982245468
1.785150331221487,4.519592397315948
23.5522360286925,21.45971857205206
7.071758418495376,6.233897561249893
21.04518471823729,19.2670693872304
6.292950922484372,5.230234514475896
20.26562295667797,9.942158985857802
16.57716426148254,15.15865043181845
6.374737688847305,20.39273869271691
3.846617135451294,4.984464740910576
4.51589093869648,5.461154161497419
8.476799738030717,17.08024351863326
24.85359355839766,6.198608668652051
8.97301557909987,23.70942149547535
18.73239578114,23.22455861435
0.6116951929948993,7.369165976488063
7.985281884968224,6.172592502029247
0.02171344009524945,0.2756205566229457
20.82335503646883,19.81977711725868
24.71895971482941,9.237651107672946
24.50428349139186,24.03370651184514
5.583825647859478,19.52229179255887
2.640554174061595,19.91362471861574
3.774686237430324,6.023157836997697
23.84956092415848,15.96323961431976
18.69421963318716,0.4802071015717484
24.87041629864656,23.23466494465504
9.832981971698421,3.231152244699997
6.205007999347698,6.974609853662367
22.16137849066085,16.95462198359997
4.062407546037504,16.2488093846622
18.33730077060869,18.33230746769226
18.91941826895383,1.63881122564149
5.411282162256589,4.276440844568091
9.908749455559262,7.671036542316529
3.808713472660398,20.59238828829276
2.486122557600472,16.52482162805135
4.4952977881107,4.6485450684865
3.528489751956651,0.1785972509260663
18.47322079357776,3.034902789855254
4.258759036726743,23.91840119862832
2.347374514017751,8.416196176215173
23.68114002997331,16.87266385010717
8.207129943251541,22.35233452331824
18.6044033063535,7.74803115683452
15.63701123974698,9.965130743036706
24.5157800631789,17.50510053464277
22.00180491786431,5.039426976296582
19.36461595661452,19.0438915229748
3.069117880008265,21.98693494316086
3.940055503684714,17.61938118149052
20.96106743200268,21.31775242995147
15.50895998297039,22.6966695114907
21.99731726455922,9.354795093643295
2.422960524293964,2.926741501891982
2.997278955229619,20.42156216808331
5.659708129265759,9.10400551961134
23.67876090422079,7.078897693819707
0.03726278004623595,16.93541403658297
21.61344860916817,2.981677716127782
5.217258966209242,3.309147203767884
4.992802459966545,16.93983468233726
7.577997786159456,22.86744224937386
3.993719264680747,18.69192055876441
15.72480271112635,22.67327901068344
4.24868911156344,16.14540963570136
9.024006829160133,2.594927903045642
19.32663910333281,16.80541612040906
3.799539269516332,8.204209146820748
20.38065662441112,16.72845394078896
7.292919778147918,19.10219177882999
16.59117897418323,6.014324589644039
18.92708739996796,9.457057048409737
24.6831464588849,21.56030090677412
1.918617795123935,1.175049637698232
9.661511429817191,23.51497029487829
22.89095522219888,6.351012385232036
5.799891538044244,24.65354257675785
9.510135995880704,2.47794254373895
2.617808889511464,16.40502727213848
8.931194957316746,19.20966595200531
18.01418358284003,24.9004237310626
0.5892929241496052,1.458369381986144
5.118886678176475,5.757111801498832
8.447324976707897,9.076411910933766
19.60089833456182,22.47797366970801
24.56546598609508,19.81949479369351
3.847981227287478,3.804831287003591
17.96703755912545,7.383334841972942
